test	harness	total	pass	fail	timeout	notrun	precondition_failed
/WebCryptoAPI/digest/cshake.tentative.https.any.html	OK	88	0	88	0	0	0
/WebCryptoAPI/digest/digest.https.any.html	OK	116	116	0	0	0	0
/WebCryptoAPI/digest/kangarootwelve.tentative.https.any.html	OK	148	0	148	0	0	0
/WebCryptoAPI/digest/sha3.tentative.https.any.html	OK	48	48	0	0	0	0
/WebCryptoAPI/digest/turboshake.tentative.https.any.html	OK	135	0	135	0	0	0
/console/console-count-logging.html	OK	1	0	1	0	0	0
/console/console-countReset-logging.html	OK	1	0	1	0	0	0
/console/console-is-a-namespace.any.html	OK	4	4	0	0	0	0
/console/console-label-conversion.any.html	OK	10	10	0	0	0	0
/console/console-log-large-array.any.html	OK	1	1	0	0	0	0
/console/console-log-symbol.any.html	OK	1	1	0	0	0	0
/console/console-namespace-object-class-string.any.html	OK	4	4	0	0	0	0
/console/console-number-format-specifiers-symbol.html	OK	1	0	1	0	0	0
/console/console-tests-historical.any.html	OK	3	3	0	0	0	0
/console/console-timing-logging.html	OK	1	0	1	0	0	0
/console/console-timing-missing-label-warnings.tentative.html	OK	1	0	1	0	0	0
/console/idlharness.any.html	OK	28	28	0	0	0	0
/dom/collections/HTMLCollection-as-prototype.html	OK	2	0	2	0	0	0
/dom/collections/HTMLCollection-delete.html	OK	4	4	0	0	0	0
/dom/collections/HTMLCollection-empty-name.html	OK	7	7	0	0	0	0
/dom/collections/HTMLCollection-iterator.html	OK	6	6	0	0	0	0
/dom/collections/HTMLCollection-live-mutations.window.html	OK	5	5	0	0	0	0
/dom/collections/HTMLCollection-own-props.html	OK	8	7	1	0	0	0
/dom/collections/HTMLCollection-supported-property-indices.html	OK	7	5	2	0	0	0
/dom/collections/HTMLCollection-supported-property-names.html	OK	6	4	2	0	0	0
/dom/collections/domstringmap-supported-property-names.html	OK	5	5	0	0	0	0
/dom/collections/namednodemap-supported-property-names.html	OK	3	0	3	0	0	0
/dom/events/AddEventListenerOptions-once.any.html	OK	4	4	0	0	0	0
/dom/events/AddEventListenerOptions-passive.any.html	OK	5	1	4	0	0	0
/dom/events/AddEventListenerOptions-signal.any.html	OK	11	11	0	0	0	0
/dom/events/Body-FrameSet-Event-Handlers.html	OK	48	48	0	0	0	0
/dom/events/CustomEvent.html	OK	3	3	0	0	0	0
/dom/events/Event-cancelBubble.html	OK	8	8	0	0	0	0
/dom/events/Event-constants.html	OK	4	4	0	0	0	0
/dom/events/Event-constructors.any.html	OK	14	14	0	0	0	0
/dom/events/Event-defaultPrevented-after-dispatch.html	OK	2	2	0	0	0	0
/dom/events/Event-defaultPrevented.html	OK	8	8	0	0	0	0
/dom/events/Event-dispatch-bubble-canceled.html	OK	1	1	0	0	0	0
/dom/events/Event-dispatch-bubbles-false.html	OK	5	5	0	0	0	0
/dom/events/Event-dispatch-bubbles-true.html	OK	5	5	0	0	0	0
/dom/events/Event-dispatch-click.html	TIMEOUT	33	26	6	1	0	0
/dom/events/Event-dispatch-click.tentative.html	OK	6	5	1	0	0	0
/dom/events/Event-dispatch-detached-click.html	OK	2	2	0	0	0	0
/dom/events/Event-dispatch-detached-input-and-change.html	OK	12	8	4	0	0	0
/dom/events/Event-dispatch-handlers-changed.html	OK	1	1	0	0	0	0
/dom/events/Event-dispatch-listener-order.window.html	OK	1	1	0	0	0	0
/dom/events/Event-dispatch-multiple-cancelBubble.html	OK	1	1	0	0	0	0
/dom/events/Event-dispatch-multiple-stopPropagation.html	OK	1	1	0	0	0	0
/dom/events/Event-dispatch-omitted-capture.html	OK	1	1	0	0	0	0
/dom/events/Event-dispatch-on-disabled-elements.html	TIMEOUT	0	0	0	0	0	0
/dom/events/Event-dispatch-order-at-target.html	OK	1	1	0	0	0	0
/dom/events/Event-dispatch-order.html	OK	1	1	0	0	0	0
/dom/events/Event-dispatch-other-document.html	OK	1	1	0	0	0	0
/dom/events/Event-dispatch-propagation-stopped.html	OK	1	1	0	0	0	0
/dom/events/Event-dispatch-redispatch.html	OK	4	3	1	0	0	0
/dom/events/Event-dispatch-reenter.html	OK	1	1	0	0	0	0
/dom/events/Event-dispatch-single-activation-behavior.html	OK	132	85	47	0	0	0
/dom/events/Event-dispatch-target-moved.html	OK	1	1	0	0	0	0
/dom/events/Event-dispatch-target-removed.html	OK	1	1	0	0	0	0
/dom/events/Event-dispatch-throwing-multiple-globals.html	TIMEOUT	2	0	0	1	1	0
/dom/events/Event-dispatch-throwing.html	OK	2	0	2	0	0	0
/dom/events/Event-init-while-dispatching.html	OK	5	5	0	0	0	0
/dom/events/Event-initEvent.html	OK	12	12	0	0	0	0
/dom/events/Event-isTrusted.any.html	OK	1	1	0	0	0	0
/dom/events/Event-propagation.html	OK	7	7	0	0	0	0
/dom/events/Event-returnValue.html	OK	7	7	0	0	0	0
/dom/events/Event-stopImmediatePropagation.html	OK	1	1	0	0	0	0
/dom/events/Event-stopPropagation-cancel-bubbling.html	OK	1	1	0	0	0	0
/dom/events/Event-subclasses-constructors.html	OK	49	49	0	0	0	0
/dom/events/Event-timestamp-cross-realm-getter.html	TIMEOUT	1	0	0	1	0	0
/dom/events/Event-timestamp-high-resolution.html	OK	4	4	0	0	0	0
/dom/events/Event-timestamp-high-resolution.https.html	OK	1	1	0	0	0	0
/dom/events/Event-timestamp-safe-resolution.html	OK	1	1	0	0	0	0
/dom/events/Event-type-empty.html	OK	2	2	0	0	0	0
/dom/events/Event-type.html	OK	3	3	0	0	0	0
/dom/events/EventListener-addEventListener.sub.window.html	OK	1	1	0	0	0	0
/dom/events/EventListener-handleEvent-cross-realm.html	OK	5	0	5	0	0	0
/dom/events/EventListener-handleEvent.html	OK	6	3	3	0	0	0
/dom/events/EventListener-incumbent-global-1.sub.html	TIMEOUT	1	0	0	1	0	0
/dom/events/EventListener-incumbent-global-2.sub.html	TIMEOUT	1	0	0	1	0	0
/dom/events/EventListener-invoke-legacy.html	TIMEOUT	6	4	0	2	0	0
/dom/events/EventListenerOptions-capture.html	OK	4	4	0	0	0	0
/dom/events/EventTarget-add-listener-platform-object.html	OK	1	1	0	0	0	0
/dom/events/EventTarget-add-remove-listener.any.html	OK	1	1	0	0	0	0
/dom/events/EventTarget-addEventListener.any.html	OK	1	1	0	0	0	0
/dom/events/EventTarget-constructible.any.html	OK	3	3	0	0	0	0
/dom/events/EventTarget-dispatchEvent-returnvalue.html	OK	2	2	0	0	0	0
/dom/events/EventTarget-dispatchEvent.html	OK	25	25	0	0	0	0
/dom/events/EventTarget-removeEventListener.any.html	OK	1	1	0	0	0	0
/dom/events/EventTarget-this-of-listener.html	OK	6	6	0	0	0	0
/dom/events/KeyEvent-initKeyEvent.html	OK	3	3	0	0	0	0
/dom/events/click-on-absolute-pseudo.html	ERROR	1	0	1	0	0	0
/dom/events/event-disabled-dynamic.html	OK	1	1	0	0	0	0
/dom/events/event-global-extra.window.html	OK	6	1	5	0	0	0
/dom/events/event-global-is-still-set-when-coercing-beforeunload-result.html	TIMEOUT	1	0	0	1	0	0
/dom/events/event-global-is-still-set-when-reporting-exception-onerror.html	OK	1	0	1	0	0	0
/dom/events/event-global-set-before-handleEvent-lookup.window.html	OK	1	0	1	0	0	0
/dom/events/event-global.html	OK	8	5	3	0	0	0
/dom/events/event-handler-attribute-replace-preserves-passive.html	OK	2	2	0	0	0	0
/dom/events/event-src-element-nullable.html	OK	1	1	0	0	0	0
/dom/events/focus-event-document-move.html	OK	1	1	0	0	0	0
/dom/events/handler-count.html	OK	2	2	0	0	0	0
/dom/events/label-default-action.html	OK	1	1	0	0	0	0
/dom/events/legacy-pre-activation-behavior.window.html	OK	1	1	0	0	0	0
/dom/events/mouse-event-retarget.html	OK	1	0	1	0	0	0
/dom/events/no-focus-events-at-clicking-editable-content-in-link.html	OK	2	0	2	0	0	0
/dom/events/non-cancelable-when-passive/generic-events-stay-cancelable.html	OK	1	1	0	0	0	0
/dom/events/non-cancelable-when-passive/non-passive-mousewheel-event-listener-on-body.html	OK	1	1	0	0	0	0
/dom/events/non-cancelable-when-passive/non-passive-mousewheel-event-listener-on-div.html	OK	1	1	0	0	0	0
/dom/events/non-cancelable-when-passive/non-passive-mousewheel-event-listener-on-document.html	OK	1	1	0	0	0	0
/dom/events/non-cancelable-when-passive/non-passive-mousewheel-event-listener-on-root.html	OK	1	1	0	0	0	0
/dom/events/non-cancelable-when-passive/non-passive-mousewheel-event-listener-on-window.html	OK	1	1	0	0	0	0
/dom/events/non-cancelable-when-passive/non-passive-touchmove-event-listener-on-body.html	OK	1	1	0	0	0	0
/dom/events/non-cancelable-when-passive/non-passive-touchmove-event-listener-on-div.html	OK	1	1	0	0	0	0
/dom/events/non-cancelable-when-passive/non-passive-touchmove-event-listener-on-document.html	OK	1	1	0	0	0	0
/dom/events/non-cancelable-when-passive/non-passive-touchmove-event-listener-on-root.html	OK	1	1	0	0	0	0
/dom/events/non-cancelable-when-passive/non-passive-touchmove-event-listener-on-window.html	OK	1	1	0	0	0	0
/dom/events/non-cancelable-when-passive/non-passive-touchstart-event-listener-on-body.html	OK	1	1	0	0	0	0
/dom/events/non-cancelable-when-passive/non-passive-touchstart-event-listener-on-div.html	OK	1	1	0	0	0	0
/dom/events/non-cancelable-when-passive/non-passive-touchstart-event-listener-on-document.html	OK	1	1	0	0	0	0
/dom/events/non-cancelable-when-passive/non-passive-touchstart-event-listener-on-root.html	OK	1	1	0	0	0	0
/dom/events/non-cancelable-when-passive/non-passive-touchstart-event-listener-on-window.html	OK	1	1	0	0	0	0
/dom/events/non-cancelable-when-passive/non-passive-wheel-event-listener-on-body.html	OK	1	1	0	0	0	0
/dom/events/non-cancelable-when-passive/non-passive-wheel-event-listener-on-div.html	OK	1	1	0	0	0	0
/dom/events/non-cancelable-when-passive/non-passive-wheel-event-listener-on-document.html	OK	1	1	0	0	0	0
/dom/events/non-cancelable-when-passive/non-passive-wheel-event-listener-on-root.html	OK	1	1	0	0	0	0
/dom/events/non-cancelable-when-passive/non-passive-wheel-event-listener-on-window.html	OK	1	1	0	0	0	0
/dom/events/non-cancelable-when-passive/passive-mousewheel-event-listener-on-body.html	OK	1	1	0	0	0	0
/dom/events/non-cancelable-when-passive/passive-mousewheel-event-listener-on-div.html	OK	1	1	0	0	0	0
/dom/events/non-cancelable-when-passive/passive-mousewheel-event-listener-on-document.html	OK	1	1	0	0	0	0
/dom/events/non-cancelable-when-passive/passive-mousewheel-event-listener-on-root.html	OK	1	1	0	0	0	0
/dom/events/non-cancelable-when-passive/passive-mousewheel-event-listener-on-window.html	OK	1	1	0	0	0	0
/dom/events/non-cancelable-when-passive/passive-touchmove-event-listener-on-body.html	OK	1	1	0	0	0	0
/dom/events/non-cancelable-when-passive/passive-touchmove-event-listener-on-div.html	OK	1	1	0	0	0	0
/dom/events/non-cancelable-when-passive/passive-touchmove-event-listener-on-document.html	OK	1	1	0	0	0	0
/dom/events/non-cancelable-when-passive/passive-touchmove-event-listener-on-root.html	OK	1	1	0	0	0	0
/dom/events/non-cancelable-when-passive/passive-touchmove-event-listener-on-window.html	OK	1	1	0	0	0	0
/dom/events/non-cancelable-when-passive/passive-touchstart-event-listener-on-body.html	OK	1	1	0	0	0	0
/dom/events/non-cancelable-when-passive/passive-touchstart-event-listener-on-div.html	OK	1	1	0	0	0	0
/dom/events/non-cancelable-when-passive/passive-touchstart-event-listener-on-document.html	OK	1	1	0	0	0	0
/dom/events/non-cancelable-when-passive/passive-touchstart-event-listener-on-root.html	OK	1	1	0	0	0	0
/dom/events/non-cancelable-when-passive/passive-touchstart-event-listener-on-window.html	OK	1	1	0	0	0	0
/dom/events/non-cancelable-when-passive/passive-wheel-event-listener-on-body.html	OK	1	1	0	0	0	0
/dom/events/non-cancelable-when-passive/passive-wheel-event-listener-on-div.html	OK	1	1	0	0	0	0
/dom/events/non-cancelable-when-passive/passive-wheel-event-listener-on-document.html	OK	1	1	0	0	0	0
/dom/events/non-cancelable-when-passive/passive-wheel-event-listener-on-root.html	OK	1	1	0	0	0	0
/dom/events/non-cancelable-when-passive/passive-wheel-event-listener-on-window.html	OK	1	1	0	0	0	0
/dom/events/non-cancelable-when-passive/synthetic-events-cancelable.html	OK	12	12	0	0	0	0
/dom/events/passive-by-default.html	OK	100	100	0	0	0	0
/dom/events/pointer-event-document-move.html	OK	1	1	0	0	0	0
/dom/events/preventDefault-during-activation-behavior.html	OK	1	1	0	0	0	0
/dom/events/relatedTarget.window.html	OK	6	0	6	0	0	0
/dom/events/remove-all-listeners.html	OK	2	2	0	0	0	0
/dom/events/scrolling/iframe-chains.html	OK	1	0	1	0	0	0
/dom/events/scrolling/input-text-scroll-event-when-using-arrow-keys.html	TIMEOUT	2	0	0	1	1	0
/dom/events/scrolling/save-iframe-scroll-offset-when-display-none.html	TIMEOUT	4	0	0	1	3	0
/dom/events/scrolling/scroll-cross-origin-iframes.html	TIMEOUT	1	0	0	1	0	0
/dom/events/scrolling/scroll-event-fired-to-element.html	OK	4	2	2	0	0	0
/dom/events/scrolling/scroll-event-fired-to-iframe.html	ERROR	4	1	3	0	0	0
/dom/events/scrolling/scrollIntoView-in-onscroll-to-sticky.html	OK	1	1	0	0	0	0
/dom/events/scrolling/scrollend-event-fired-after-instant-scroll-in-microtask.html	OK	1	0	1	0	0	0
/dom/events/scrolling/scrollend-event-fired-after-sequence-of-scrolls.tentative.html	OK	2	0	2	0	0	0
/dom/events/scrolling/scrollend-event-fired-after-snap.html	TIMEOUT	2	0	1	1	0	0
/dom/events/scrolling/scrollend-event-fired-for-mandatory-snap-point-after-load.html	OK	1	0	1	0	0	0
/dom/events/scrolling/scrollend-event-fired-for-programmatic-scroll.html	TIMEOUT	8	0	4	1	3	0
/dom/events/scrolling/scrollend-event-fired-for-scroll-attr-change.html	TIMEOUT	8	0	4	1	3	0
/dom/events/scrolling/scrollend-event-fired-for-scrollIntoView.html	TIMEOUT	0	0	0	0	0	0
/dom/events/scrolling/scrollend-event-fired-to-document.html	OK	2	0	2	0	0	0
/dom/events/scrolling/scrollend-event-fired-to-element-with-overscroll-behavior.html	OK	1	0	1	0	0	0
/dom/events/scrolling/scrollend-event-fired-to-window.html	TIMEOUT	1	0	0	1	0	0
/dom/events/scrolling/scrollend-event-fires-for-repeat-key-ending-after-scroll-container-end-is-reached.html	TIMEOUT	0	0	0	0	0	0
/dom/events/scrolling/scrollend-event-fires-on-visual-viewport.html	TIMEOUT	0	0	0	0	0	0
/dom/events/scrolling/scrollend-event-fires-to-iframe-window.html	TIMEOUT	12	0	0	1	11	0
/dom/events/scrolling/scrollend-event-for-user-scroll.html	TIMEOUT	5	0	0	1	4	0
/dom/events/scrolling/scrollend-event-handler-content-attributes.html	TIMEOUT	4	1	1	1	1	0
/dom/events/scrolling/scrollend-event-not-fired-after-removing-scroller.tentative.html	TIMEOUT	0	0	0	0	0	0
/dom/events/scrolling/scrollend-event-not-fired-on-no-scroll.html	OK	4	4	0	0	0	0
/dom/events/scrolling/scrollend-fires-to-text-input.html	TIMEOUT	5	0	0	1	4	0
/dom/events/scrolling/scrollend-with-snap-on-fractional-offset.html	OK	1	0	1	0	0	0
/dom/events/scrolling/wheel-event-composed.html	OK	1	1	0	0	0	0
/dom/events/scrolling/wheel-event-no-scroll-after-prevent-default.html	OK	1	1	0	0	0	0
/dom/events/scrolling/wheel-event-transactions-basic.html	OK	3	0	3	0	0	0
/dom/events/scrolling/wheel-event-transactions-multiple-action-chains.html	OK	1	1	0	0	0	0
/dom/events/scrolling/wheel-event-transactions-target-display-change.html	OK	2	0	2	0	0	0
/dom/events/scrolling/wheel-event-transactions-target-elements.html	OK	1	0	1	0	0	0
/dom/events/scrolling/wheel-event-transactions-target-move.html	OK	1	0	1	0	0	0
/dom/events/scrolling/wheel-event-transactions-target-removal.html	OK	1	0	1	0	0	0
/dom/events/scrolling/wheel-event-transactions-target-resize.html	OK	2	0	2	0	0	0
/dom/events/shadow-relatedTarget.html	OK	2	0	2	0	0	0
/dom/events/webkit-animation-end-event.html	TIMEOUT	13	6	0	1	6	0
/dom/events/webkit-animation-iteration-event.html	TIMEOUT	13	6	0	1	6	0
/dom/events/webkit-animation-start-event.html	TIMEOUT	13	6	0	1	6	0
/dom/events/webkit-transition-end-event.html	TIMEOUT	13	4	0	1	8	0
/dom/events/window-composed-path.html	ERROR	1	1	0	0	0	0
/dom/events/window-event-restored-after-throwing-onerror.html	OK	1	1	0	0	0	0
/dom/lists/DOMTokenList-Iterable.html	OK	6	6	0	0	0	0
/dom/lists/DOMTokenList-coverage-for-attributes.html	OK	175	175	0	0	0	0
/dom/lists/DOMTokenList-iteration.html	OK	6	6	0	0	0	0
/dom/lists/DOMTokenList-stringifier.html	OK	1	1	0	0	0	0
/dom/lists/DOMTokenList-value.html	OK	1	1	0	0	0	0
/dom/nodes/CharacterData-appendChild.html	OK	9	9	0	0	0	0
/dom/nodes/CharacterData-appendData.html	OK	14	14	0	0	0	0
/dom/nodes/CharacterData-data.html	OK	16	16	0	0	0	0
/dom/nodes/CharacterData-deleteData.html	OK	18	18	0	0	0	0
/dom/nodes/CharacterData-insertData.html	OK	18	18	0	0	0	0
/dom/nodes/CharacterData-remove.html	OK	12	12	0	0	0	0
/dom/nodes/CharacterData-replaceData.html	OK	34	34	0	0	0	0
/dom/nodes/CharacterData-substringData.html	OK	28	28	0	0	0	0
/dom/nodes/CharacterData-surrogates.html	OK	8	0	8	0	0	0
/dom/nodes/ChildNode-after.html	OK	45	45	0	0	0	0
/dom/nodes/ChildNode-before.html	OK	45	45	0	0	0	0
/dom/nodes/ChildNode-replaceWith.html	OK	33	33	0	0	0	0
/dom/nodes/Comment-constructor.html	OK	16	13	3	0	0	0
/dom/nodes/DOMImplementation-createDocument.html	OK	434	434	0	0	0	0
/dom/nodes/DOMImplementation-createDocumentType.html	OK	82	82	0	0	0	0
/dom/nodes/DOMImplementation-createHTMLDocument-with-saved-implementation.html	OK	1	1	0	0	0	0
/dom/nodes/DOMImplementation-createHTMLDocument.html	OK	13	13	0	0	0	0
/dom/nodes/DOMImplementation-hasFeature.html	OK	137	137	0	0	0	0
/dom/nodes/Document-URL.html	OK	1	0	1	0	0	0
/dom/nodes/Document-adoptNode.html	OK	4	4	0	0	0	0
/dom/nodes/Document-characterSet-normalization-1.html	OK	315	315	0	0	0	0
/dom/nodes/Document-characterSet-normalization-2.html	OK	339	339	0	0	0	0
/dom/nodes/Document-constructor.html	OK	5	4	1	0	0	0
/dom/nodes/Document-contentType/contentType/contenttype_bmp.html	OK	1	1	0	0	0	0
/dom/nodes/Document-contentType/contentType/contenttype_css.html	OK	1	1	0	0	0	0
/dom/nodes/Document-contentType/contentType/contenttype_datauri_02.html	TIMEOUT	1	0	0	1	0	0
/dom/nodes/Document-contentType/contentType/contenttype_gif.html	OK	1	1	0	0	0	0
/dom/nodes/Document-contentType/contentType/contenttype_html.html	OK	1	1	0	0	0	0
/dom/nodes/Document-contentType/contentType/contenttype_javascripturi.html	OK	1	0	1	0	0	0
/dom/nodes/Document-contentType/contentType/contenttype_jpg.html	OK	1	1	0	0	0	0
/dom/nodes/Document-contentType/contentType/contenttype_mimeheader_01.html	OK	1	1	0	0	0	0
/dom/nodes/Document-contentType/contentType/contenttype_mimeheader_02.html	OK	1	1	0	0	0	0
/dom/nodes/Document-contentType/contentType/contenttype_png.html	OK	1	1	0	0	0	0
/dom/nodes/Document-contentType/contentType/contenttype_txt.html	OK	1	1	0	0	0	0
/dom/nodes/Document-contentType/contentType/contenttype_xml.html	OK	1	1	0	0	0	0
/dom/nodes/Document-contentType/contentType/createDocument.html	OK	1	1	0	0	0	0
/dom/nodes/Document-contentType/contentType/createHTMLDocument.html	OK	1	1	0	0	0	0
/dom/nodes/Document-contentType/contentType/xhr_responseType_document.html	OK	1	0	1	0	0	0
/dom/nodes/Document-createAttribute.html	OK	36	36	0	0	0	0
/dom/nodes/Document-createCDATASection.html	OK	1	1	0	0	0	0
/dom/nodes/Document-createComment.html	OK	6	6	0	0	0	0
/dom/nodes/Document-createElement-namespace.html	OK	51	51	0	0	0	0
/dom/nodes/Document-createElement.html	OK	147	147	0	0	0	0
/dom/nodes/Document-createElementNS.html	OK	596	595	1	0	0	0
/dom/nodes/Document-createEvent-touchevent.window.html	OK	3	0	3	0	0	0
/dom/nodes/Document-createEvent.https.html	OK	279	273	0	0	0	6
/dom/nodes/Document-createProcessingInstruction.html	OK	12	9	3	0	0	0
/dom/nodes/Document-createTextNode.html	OK	6	6	0	0	0	0
/dom/nodes/Document-createTreeWalker.html	OK	5	5	0	0	0	0
/dom/nodes/Document-doctype.html	OK	2	2	0	0	0	0
/dom/nodes/Document-getElementById.html	OK	18	18	0	0	0	0
/dom/nodes/Document-getElementsByClassName.html	OK	1	1	0	0	0	0
/dom/nodes/Document-getElementsByTagName.html	OK	18	14	4	0	0	0
/dom/nodes/Document-getElementsByTagNameNS.html	OK	14	14	0	0	0	0
/dom/nodes/Document-implementation.html	OK	2	2	0	0	0	0
/dom/nodes/Document-importNode.html	OK	5	5	0	0	0	0
/dom/nodes/DocumentFragment-constructor.html	OK	2	2	0	0	0	0
/dom/nodes/DocumentFragment-getElementById.html	OK	5	5	0	0	0	0
/dom/nodes/DocumentFragment-querySelectorAll-after-modification.html	OK	1	1	0	0	0	0
/dom/nodes/DocumentType-literal.html	OK	1	1	0	0	0	0
/dom/nodes/DocumentType-remove.html	OK	4	4	0	0	0	0
/dom/nodes/Element-childElement-null.html	OK	1	1	0	0	0	0
/dom/nodes/Element-childElementCount-dynamic-add.html	OK	1	1	0	0	0	0
/dom/nodes/Element-childElementCount-dynamic-remove.html	OK	1	1	0	0	0	0
/dom/nodes/Element-childElementCount-nochild.html	OK	1	1	0	0	0	0
/dom/nodes/Element-childElementCount.html	OK	1	1	0	0	0	0
/dom/nodes/Element-children.html	OK	2	1	1	0	0	0
/dom/nodes/Element-classlist.html	OK	1420	1420	0	0	0	0
/dom/nodes/Element-closest.html	OK	29	19	10	0	0	0
/dom/nodes/Element-firstElementChild-namespace.html	OK	1	1	0	0	0	0
/dom/nodes/Element-firstElementChild.html	OK	1	1	0	0	0	0
/dom/nodes/Element-getElementsByClassName.html	OK	3	3	0	0	0	0
/dom/nodes/Element-getElementsByTagName-change-document-HTMLNess.html	TIMEOUT	1	0	0	0	1	0
/dom/nodes/Element-getElementsByTagName.html	OK	19	15	4	0	0	0
/dom/nodes/Element-getElementsByTagNameNS.html	OK	16	16	0	0	0	0
/dom/nodes/Element-hasAttribute.html	OK	2	2	0	0	0	0
/dom/nodes/Element-hasAttributes.html	OK	2	2	0	0	0	0
/dom/nodes/Element-insertAdjacentElement.html	OK	6	6	0	0	0	0
/dom/nodes/Element-insertAdjacentText.html	OK	6	6	0	0	0	0
/dom/nodes/Element-lastElementChild.html	OK	1	1	0	0	0	0
/dom/nodes/Element-matches-namespaced-elements.html	OK	6	6	0	0	0	0
/dom/nodes/Element-matches.html	OK	669	668	1	0	0	0
/dom/nodes/Element-nextElementSibling.html	OK	1	1	0	0	0	0
/dom/nodes/Element-previousElementSibling.html	OK	1	1	0	0	0	0
/dom/nodes/Element-remove.html	OK	4	4	0	0	0	0
/dom/nodes/Element-removeAttribute.html	OK	2	2	0	0	0	0
/dom/nodes/Element-removeAttributeNS.html	OK	1	1	0	0	0	0
/dom/nodes/Element-setAttribute-crbug-1138487.html	OK	1	1	0	0	0	0
/dom/nodes/Element-setAttribute.html	OK	2	2	0	0	0	0
/dom/nodes/Element-siblingElement-null.html	OK	1	1	0	0	0	0
/dom/nodes/Element-tagName.html	OK	6	3	3	0	0	0
/dom/nodes/Element-webkitMatchesSelector.html	OK	669	668	1	0	0	0
/dom/nodes/MutationObserver-attributes.html	OK	42	39	3	0	0	0
/dom/nodes/MutationObserver-callback-arguments.html	OK	1	0	1	0	0	0
/dom/nodes/MutationObserver-characterData.html	OK	23	23	0	0	0	0
/dom/nodes/MutationObserver-childList.html	OK	38	38	0	0	0	0
/dom/nodes/MutationObserver-cross-realm-callback-report-exception.html	OK	1	0	1	0	0	0
/dom/nodes/MutationObserver-disconnect.html	OK	2	2	0	0	0	0
/dom/nodes/MutationObserver-document.html	OK	4	1	3	0	0	0
/dom/nodes/MutationObserver-inner-outer.html	OK	3	1	2	0	0	0
/dom/nodes/MutationObserver-sanity.html	OK	16	13	3	0	0	0
/dom/nodes/MutationObserver-takeRecords.html	OK	3	3	0	0	0	0
/dom/nodes/MutationObserver-textContent.html	OK	4	4	0	0	0	0
/dom/nodes/Node-appendChild-cereactions-vs-script.window.html	OK	1	0	1	0	0	0
/dom/nodes/Node-appendChild.html	OK	11	11	0	0	0	0
/dom/nodes/Node-baseURI.html	OK	9	9	0	0	0	0
/dom/nodes/Node-childNodes-cache-2.html	OK	1	1	0	0	0	0
/dom/nodes/Node-childNodes-cache.html	OK	1	1	0	0	0	0
/dom/nodes/Node-childNodes.html	OK	6	6	0	0	0	0
/dom/nodes/Node-cloneNode-XMLDocument.html	OK	1	1	0	0	0	0
/dom/nodes/Node-cloneNode-document-allow-declarative-shadow-roots.window.html	OK	1	0	1	0	0	0
/dom/nodes/Node-cloneNode-document-with-doctype.html	OK	3	3	0	0	0	0
/dom/nodes/Node-cloneNode-external-stylesheet-no-bc.sub.html	OK	1	1	0	0	0	0
/dom/nodes/Node-cloneNode-svg.html	OK	4	4	0	0	0	0
/dom/nodes/Node-cloneNode.html	OK	135	133	2	0	0	0
/dom/nodes/Node-compareDocumentPosition.html	OK	1444	1444	0	0	0	0
/dom/nodes/Node-constants.html	OK	8	8	0	0	0	0
/dom/nodes/Node-contains.html	OK	1482	1482	0	0	0	0
/dom/nodes/Node-insertBefore.html	OK	40	40	0	0	0	0
/dom/nodes/Node-isConnected-shadow-dom.html	OK	2	2	0	0	0	0
/dom/nodes/Node-isConnected.html	OK	2	1	1	0	0	0
/dom/nodes/Node-isEqualNode.html	OK	9	9	0	0	0	0
/dom/nodes/Node-isSameNode.html	OK	9	8	1	0	0	0
/dom/nodes/Node-lookupNamespaceURI.html	OK	75	75	0	0	0	0
/dom/nodes/Node-mutation-adoptNode.html	OK	2	1	1	0	0	0
/dom/nodes/Node-nodeName.html	OK	6	6	0	0	0	0
/dom/nodes/Node-nodeValue.html	OK	7	7	0	0	0	0
/dom/nodes/Node-normalize.html	OK	4	4	0	0	0	0
/dom/nodes/Node-parentElement.html	OK	12	12	0	0	0	0
/dom/nodes/Node-parentNode.html	OK	5	5	0	0	0	0
/dom/nodes/Node-properties.html	OK	726	726	0	0	0	0
/dom/nodes/Node-removeChild.html	OK	28	28	0	0	0	0
/dom/nodes/Node-replaceChild.html	OK	29	28	1	0	0	0
/dom/nodes/Node-textContent.html	OK	81	73	8	0	0	0
/dom/nodes/NodeList-Iterable.html	OK	8	7	1	0	0	0
/dom/nodes/NodeList-live-mutations.window.html	OK	4	4	0	0	0	0
/dom/nodes/NodeList-static-length-getter-tampered-1.html	OK	1	0	1	0	0	0
/dom/nodes/NodeList-static-length-getter-tampered-2.html	OK	1	0	1	0	0	0
/dom/nodes/NodeList-static-length-getter-tampered-3.html	OK	1	0	1	0	0	0
/dom/nodes/NodeList-static-length-getter-tampered-indexOf-1.html	OK	1	0	1	0	0	0
/dom/nodes/NodeList-static-length-getter-tampered-indexOf-2.html	OK	1	0	1	0	0	0
/dom/nodes/NodeList-static-length-getter-tampered-indexOf-3.html	OK	1	0	1	0	0	0
/dom/nodes/ParentNode-append.html	OK	25	25	0	0	0	0
/dom/nodes/ParentNode-children.html	OK	1	1	0	0	0	0
/dom/nodes/ParentNode-prepend.html	OK	22	22	0	0	0	0
/dom/nodes/ParentNode-querySelector-All.html	OK	1975	1971	4	0	0	0
/dom/nodes/ParentNode-querySelector-case-insensitive.html	OK	2	2	0	0	0	0
/dom/nodes/ParentNode-querySelector-escapes.html	OK	68	66	2	0	0	0
/dom/nodes/ParentNode-querySelector-scope.html	OK	4	4	0	0	0	0
/dom/nodes/ParentNode-querySelectorAll-removed-elements.html	OK	1	1	0	0	0	0
/dom/nodes/ParentNode-querySelectors-exclusive.html	OK	1	1	0	0	0	0
/dom/nodes/ParentNode-querySelectors-namespaces.html	OK	1	0	1	0	0	0
/dom/nodes/ParentNode-querySelectors-space-and-dash-attribute-value.html	OK	2	2	0	0	0	0
/dom/nodes/ParentNode-replaceChildren.html	OK	29	29	0	0	0	0
/dom/nodes/Text-constructor.html	OK	16	13	3	0	0	0
/dom/nodes/Text-splitText.html	OK	6	6	0	0	0	0
/dom/nodes/Text-wholeText.html	OK	1	1	0	0	0	0
/dom/nodes/adoption.window.html	OK	6	2	4	0	0	0
/dom/nodes/append-on-Document.html	OK	5	5	0	0	0	0
/dom/nodes/attributes-namednodemap-cross-document.window.html	OK	2	0	2	0	0	0
/dom/nodes/attributes-namednodemap.html	OK	8	4	4	0	0	0
/dom/nodes/attributes.html	OK	67	50	17	0	0	0
/dom/nodes/case.html	OK	285	285	0	0	0	0
/dom/nodes/getElementsByClassName-01.htm	OK	1	1	0	0	0	0
/dom/nodes/getElementsByClassName-02.htm	OK	1	1	0	0	0	0
/dom/nodes/getElementsByClassName-03.htm	OK	1	1	0	0	0	0
/dom/nodes/getElementsByClassName-04.htm	OK	1	1	0	0	0	0
/dom/nodes/getElementsByClassName-05.htm	OK	1	1	0	0	0	0
/dom/nodes/getElementsByClassName-06.htm	OK	1	1	0	0	0	0
/dom/nodes/getElementsByClassName-07.htm	OK	1	1	0	0	0	0
/dom/nodes/getElementsByClassName-08.htm	OK	1	1	0	0	0	0
/dom/nodes/getElementsByClassName-09.htm	OK	1	1	0	0	0	0
/dom/nodes/getElementsByClassName-12.htm	OK	1	1	0	0	0	0
/dom/nodes/getElementsByClassName-13.htm	OK	1	1	0	0	0	0
/dom/nodes/getElementsByClassName-14.htm	OK	2	2	0	0	0	0
/dom/nodes/getElementsByClassName-15.htm	OK	1	1	0	0	0	0
/dom/nodes/getElementsByClassName-16.htm	OK	1	1	0	0	0	0
/dom/nodes/getElementsByClassName-17.htm	OK	1	1	0	0	0	0
/dom/nodes/getElementsByClassName-18.htm	OK	1	1	0	0	0	0
/dom/nodes/getElementsByClassName-19.htm	OK	1	1	0	0	0	0
/dom/nodes/getElementsByClassName-20.htm	OK	1	1	0	0	0	0
/dom/nodes/getElementsByClassName-21.htm	OK	1	1	0	0	0	0
/dom/nodes/getElementsByClassName-22.htm	OK	1	1	0	0	0	0
/dom/nodes/getElementsByClassName-23.htm	OK	1	1	0	0	0	0
/dom/nodes/getElementsByClassName-24.htm	OK	1	1	0	0	0	0
/dom/nodes/getElementsByClassName-25.htm	OK	1	1	0	0	0	0
/dom/nodes/getElementsByClassName-26.htm	OK	1	1	0	0	0	0
/dom/nodes/getElementsByClassName-27.htm	OK	1	1	0	0	0	0
/dom/nodes/getElementsByClassName-28.htm	OK	1	1	0	0	0	0
/dom/nodes/getElementsByClassName-29.htm	OK	1	1	0	0	0	0
/dom/nodes/getElementsByClassName-30.htm	OK	1	1	0	0	0	0
/dom/nodes/getElementsByClassName-31.htm	OK	1	1	0	0	0	0
/dom/nodes/getElementsByClassName-32.html	OK	4	4	0	0	0	0
/dom/nodes/getElementsByClassName-empty-set.html	OK	3	3	0	0	0	0
/dom/nodes/getElementsByClassName-whitespace-class-names.html	OK	26	26	0	0	0	0
/dom/nodes/insert-adjacent.html	OK	14	14	0	0	0	0
/dom/nodes/insertion-removing-steps/Node-append-form-and-script-from-fragment.html	OK	1	0	1	0	0	0
/dom/nodes/insertion-removing-steps/Node-append-meta-referrer-and-script-from-fragment.html	OK	1	0	1	0	0	0
/dom/nodes/insertion-removing-steps/Node-appendChild-script-and-button-from-div.html	OK	1	0	1	0	0	0
/dom/nodes/insertion-removing-steps/Node-appendChild-script-and-custom-from-fragment.html	OK	1	0	1	0	0	0
/dom/nodes/insertion-removing-steps/Node-appendChild-script-and-default-style-meta-from-fragment.html	OK	1	0	1	0	0	0
/dom/nodes/insertion-removing-steps/Node-appendChild-script-and-div-from-fragment.html	OK	1	0	1	0	0	0
/dom/nodes/insertion-removing-steps/Node-appendChild-script-and-iframe.html	OK	4	0	4	0	0	0
/dom/nodes/insertion-removing-steps/Node-appendChild-script-and-source-from-fragment.html	OK	1	0	1	0	0	0
/dom/nodes/insertion-removing-steps/Node-appendChild-script-and-style.html	OK	5	0	5	0	0	0
/dom/nodes/insertion-removing-steps/Node-appendChild-script-in-script.html	OK	1	0	1	0	0	0
/dom/nodes/insertion-removing-steps/Node-appendChild-script-with-mutation-observer-takeRecords.html	OK	1	0	1	0	0	0
/dom/nodes/insertion-removing-steps/Node-appendChild-text-and-script-in-style.html	OK	1	0	1	0	0	0
/dom/nodes/insertion-removing-steps/Node-appendChild-text-in-script.html	OK	1	0	1	0	0	0
/dom/nodes/insertion-removing-steps/Node-appendChild-three-scripts-from-fragment.html	OK	1	0	1	0	0	0
/dom/nodes/insertion-removing-steps/Node-appendChild-three-scripts.html	OK	1	0	1	0	0	0
/dom/nodes/insertion-removing-steps/blur-event.window.html	OK	2	2	0	0	0	0
/dom/nodes/insertion-removing-steps/insertion-removing-steps-iframe.window.html	OK	4	3	1	0	0	0
/dom/nodes/insertion-removing-steps/insertion-removing-steps-script.window.html	OK	1	0	1	0	0	0
/dom/nodes/insertion-removing-steps/later-script-removed-by-earlier-script.html	OK	2	2	0	0	0	0
/dom/nodes/insertion-removing-steps/script-does-not-run-on-child-removal.window.html	OK	1	1	0	0	0	0
/dom/nodes/moveBefore/Node-moveBefore.html	OK	32	29	3	0	0	0
/dom/nodes/moveBefore/child-style-preserve.html	OK	1	1	0	0	0	0
/dom/nodes/moveBefore/continue-css-animation-left.html	TIMEOUT	1	0	0	1	0	0
/dom/nodes/moveBefore/continue-css-animation-transform.html	TIMEOUT	1	0	0	1	0	0
/dom/nodes/moveBefore/continue-css-transition-left-pseudo.html	TIMEOUT	1	0	0	1	0	0
/dom/nodes/moveBefore/continue-css-transition-left.html	TIMEOUT	1	0	0	1	0	0
/dom/nodes/moveBefore/continue-css-transition-transform-pseudo.html	TIMEOUT	1	0	0	1	0	0
/dom/nodes/moveBefore/continue-css-transition-transform.html	TIMEOUT	1	0	0	1	0	0
/dom/nodes/moveBefore/css-animation-commit-styles.html	TIMEOUT	1	0	0	1	0	0
/dom/nodes/moveBefore/css-transition-cross-document.html	TIMEOUT	1	0	0	1	0	0
/dom/nodes/moveBefore/css-transition-cross-shadow.html	TIMEOUT	1	0	0	1	0	0
/dom/nodes/moveBefore/css-transition-to-disconnected-document.html	TIMEOUT	1	0	0	1	0	0
/dom/nodes/moveBefore/css-transition-trigger.html	TIMEOUT	1	0	0	1	0	0
/dom/nodes/moveBefore/custom-element-move-reactions.html	OK	6	0	6	0	0	0
/dom/nodes/moveBefore/fieldset-child-blur-event.html	OK	1	1	0	0	0	0
/dom/nodes/moveBefore/fieldset-child-date-input-blur-event.html	OK	1	1	0	0	0	0
/dom/nodes/moveBefore/fire-focusin-focusout.html	OK	5	1	4	0	0	0
/dom/nodes/moveBefore/focus-preserve.html	OK	4	1	3	0	0	0
/dom/nodes/moveBefore/focus-within.html	OK	5	3	2	0	0	0
/dom/nodes/moveBefore/fullscreen-preserve.html	OK	1	0	1	0	0	0
/dom/nodes/moveBefore/hover-style-update.html	OK	2	0	2	0	0	0
/dom/nodes/moveBefore/iframe-document-preserve.window.html	TIMEOUT	7	0	0	1	6	0
/dom/nodes/moveBefore/listed-form-element-reset.html	OK	1	0	1	0	0	0
/dom/nodes/moveBefore/live-range-updates.html	OK	3	0	3	0	0	0
/dom/nodes/moveBefore/modal-dialog.html	OK	1	1	0	0	0	0
/dom/nodes/moveBefore/moveBefore-dir.html	OK	1	1	0	0	0	0
/dom/nodes/moveBefore/moveBefore-from-light-to-shadow.html	OK	1	0	1	0	0	0
/dom/nodes/moveBefore/moveBefore-id-map.html	OK	4	1	3	0	0	0
/dom/nodes/moveBefore/moveBefore-lang.html	OK	1	1	0	0	0	0
/dom/nodes/moveBefore/moveBefore-name-map.html	OK	3	0	3	0	0	0
/dom/nodes/moveBefore/moveBefore-nodeiterator.html	NONE	0	0	0	0	0	0
/dom/nodes/moveBefore/moveBefore-option-recalc-style.html	OK	1	1	0	0	0	0
/dom/nodes/moveBefore/moveBefore-selector-matching.html	OK	1	1	0	0	0	0
/dom/nodes/moveBefore/moveBefore-shadow-inside.html	OK	1	0	1	0	0	0
/dom/nodes/moveBefore/moveBefore-shadow-root.html	OK	1	1	0	0	0	0
/dom/nodes/moveBefore/moveBefore-size-query.html	OK	1	0	1	0	0	0
/dom/nodes/moveBefore/mutation-observer.html	OK	2	2	0	0	0	0
/dom/nodes/moveBefore/nonce.html	OK	1	0	1	0	0	0
/dom/nodes/moveBefore/object-crash-regression.html	OK	1	1	0	0	0	0
/dom/nodes/moveBefore/pointer-events.html	OK	1	0	1	0	0	0
/dom/nodes/moveBefore/popover-preserve.html	OK	1	1	0	0	0	0
/dom/nodes/moveBefore/preserve-render-blocking-script.html	OK	1	1	0	0	0	0
/dom/nodes/moveBefore/preserve-render-blocking-style.html	OK	1	1	0	0	0	0
/dom/nodes/moveBefore/relevant-mutations.html	TIMEOUT	2	0	0	1	1	0
/dom/nodes/moveBefore/script-move-before.html	OK	2	2	0	0	0	0
/dom/nodes/moveBefore/select-option-optgroup.html	OK	2	0	2	0	0	0
/dom/nodes/moveBefore/selection-preserve.html	TIMEOUT	0	0	0	0	0	0
/dom/nodes/moveBefore/slotchange-events.html	OK	4	0	4	0	0	0
/dom/nodes/moveBefore/style-applies.html	OK	1	1	0	0	0	0
/dom/nodes/moveBefore/throws-exception.html	OK	1	1	0	0	0	0
/dom/nodes/name-validation.html	OK	5	1	4	0	0	0
/dom/nodes/prepend-on-Document.html	OK	5	5	0	0	0	0
/dom/nodes/query-target-in-load-event.html	TIMEOUT	1	0	0	0	1	0
/dom/nodes/querySelector-mixed-case.html	OK	1	0	1	0	0	0
/dom/nodes/remove-and-adopt-thcrash.html	OK	1	0	1	0	0	0
/dom/nodes/remove-next-sibling-during-replace-with.html	OK	1	0	1	0	0	0
/dom/nodes/remove-unscopable.html	OK	6	6	0	0	0	0
/dom/nodes/rootNode.html	OK	5	4	1	0	0	0
/dom/nodes/svg-template-querySelector.html	OK	3	3	0	0	0	0
/dom/ranges/Range-adopt-test.html	OK	4	4	0	0	0	0
/dom/ranges/Range-attribute-nodes.html	OK	26	15	11	0	0	0
/dom/ranges/Range-attributes.html	OK	1	1	0	0	0	0
/dom/ranges/Range-cloneContents.html	OK	187	187	0	0	0	0
/dom/ranges/Range-cloneRange.html	OK	62	62	0	0	0	0
/dom/ranges/Range-collapse.html	OK	186	186	0	0	0	0
/dom/ranges/Range-commonAncestorContainer-2.html	OK	6	6	0	0	0	0
/dom/ranges/Range-commonAncestorContainer.html	OK	63	63	0	0	0	0
/dom/ranges/Range-compareBoundaryPoints.html	OK	9313	9313	0	0	0	0
/dom/ranges/Range-comparePoint-2.html	OK	3	3	0	0	0	0
/dom/ranges/Range-comparePoint.html	OK	5580	5580	0	0	0	0
/dom/ranges/Range-constructor.html	OK	1	1	0	0	0	0
/dom/ranges/Range-deleteContents.html	OK	125	125	0	0	0	0
/dom/ranges/Range-detach.html	OK	1	1	0	0	0	0
/dom/ranges/Range-extractContents-dynamic-end.html	OK	1	1	0	0	0	0
/dom/ranges/Range-extractContents.html	OK	187	187	0	0	0	0
/dom/ranges/Range-in-shadow-after-the-shadow-removed.html	OK	2	0	2	0	0	0
/dom/ranges/Range-insertNode.html	OK	1840	1840	0	0	0	0
/dom/ranges/Range-intersectsNode-2.html	OK	1	1	0	0	0	0
/dom/ranges/Range-intersectsNode-binding.html	OK	1	1	0	0	0	0
/dom/ranges/Range-intersectsNode-shadow.html	OK	1	0	1	0	0	0
/dom/ranges/Range-intersectsNode.html	OK	2356	2356	0	0	0	0
/dom/ranges/Range-isPointInRange.html	OK	5733	5733	0	0	0	0
/dom/ranges/Range-mutations-appendChild.html	OK	70	70	0	0	0	0
/dom/ranges/Range-mutations-appendData.html	OK	384	384	0	0	0	0
/dom/ranges/Range-mutations-dataChange.html	OK	2808	2808	0	0	0	0
/dom/ranges/Range-mutations-deleteData.html	OK	564	564	0	0	0	0
/dom/ranges/Range-mutations-insertBefore.html	OK	76	76	0	0	0	0
/dom/ranges/Range-mutations-insertData.html	OK	382	382	0	0	0	0
/dom/ranges/Range-mutations-removeChild.html	OK	20	20	0	0	0	0
/dom/ranges/Range-mutations-replaceChild.html	OK	60	60	0	0	0	0
/dom/ranges/Range-mutations-replaceData.html	OK	1146	1146	0	0	0	0
/dom/ranges/Range-mutations-splitText.html	OK	116	116	0	0	0	0
/dom/ranges/Range-selectNode.html	OK	296	296	0	0	0	0
/dom/ranges/Range-set.html	OK	10920	10920	0	0	0	0
/dom/ranges/Range-stringifier.html	OK	5	5	0	0	0	0
/dom/ranges/Range-surroundContents.html	OK	1840	1840	0	0	0	0
/dom/ranges/StaticRange-constructor.html	OK	17	17	0	0	0	0
/dom/ranges/tentative/OpaqueRange-auto-disconnect.html	OK	17	0	17	0	0	0
/dom/ranges/tentative/OpaqueRange-basic.html	OK	3	0	3	0	0	0
/dom/ranges/tentative/OpaqueRange-disconnect.html	OK	5	0	5	0	0	0
/dom/ranges/tentative/OpaqueRange-display-none.html	OK	18	0	18	0	0	0
/dom/ranges/tentative/OpaqueRange-geometry-basic.html	OK	14	0	14	0	0	0
/dom/ranges/tentative/OpaqueRange-geometry-complexity-and-visibility.html	OK	6	0	6	0	0	0
/dom/ranges/tentative/OpaqueRange-geometry-multiline-and-mutations.html	OK	15	0	15	0	0	0
/dom/ranges/tentative/OpaqueRange-highlight.html	OK	8	0	8	0	0	0
/dom/ranges/tentative/OpaqueRange-highlightsFromPoint.html	OK	11	0	11	0	0	0
/dom/ranges/tentative/OpaqueRange-interactive-basic.html	OK	16	0	16	0	0	0
/dom/ranges/tentative/OpaqueRange-interactive-overlap-and-selection.html	OK	10	0	10	0	0	0
/dom/ranges/tentative/OpaqueRange-offset.html	OK	11	0	11	0	0	0
/dom/ranges/tentative/OpaqueRange-programmatic-updates.html	OK	28	0	28	0	0	0
/dom/ranges/tentative/OpaqueRange-range-updates.html	OK	4	0	4	0	0	0
/dom/ranges/tentative/OpaqueRange-supported-elements.html	OK	6	0	6	0	0	0
/dom/ranges/tentative/OpaqueRange-unsupported-elements.html	OK	1	0	1	0	0	0
/dom/ranges/tentative/OpaqueRange-update-event-order.html	OK	4	0	4	0	0	0
/dom/ranges/tentative/OpaqueRange-validation.html	OK	2	0	2	0	0	0
/dom/traversal/NodeFilter-constants.html	OK	2	2	0	0	0	0
/dom/traversal/NodeIterator-removal.html	OK	23	23	0	0	0	0
/dom/traversal/NodeIterator.html	OK	766	757	9	0	0	0
/dom/traversal/TreeWalker-acceptNode-filter-cross-realm-null-browsing-context.html	OK	1	0	1	0	0	0
/dom/traversal/TreeWalker-acceptNode-filter-cross-realm.html	OK	5	0	5	0	0	0
/dom/traversal/TreeWalker-acceptNode-filter.html	OK	12	12	0	0	0	0
/dom/traversal/TreeWalker-basic.html	OK	6	6	0	0	0	0
/dom/traversal/TreeWalker-currentNode.html	OK	4	3	1	0	0	0
/dom/traversal/TreeWalker-nextNode-detached-currentNode.window.html	OK	3	3	0	0	0	0
/dom/traversal/TreeWalker-previousNodeLastChildReject.html	OK	1	1	0	0	0	0
/dom/traversal/TreeWalker-previousSiblingLastChildSkip.html	OK	1	1	0	0	0	0
/dom/traversal/TreeWalker-realm.html	OK	2	2	0	0	0	0
/dom/traversal/TreeWalker-traversal-reject.html	OK	6	6	0	0	0	0
/dom/traversal/TreeWalker-traversal-skip-most.html	OK	2	2	0	0	0	0
/dom/traversal/TreeWalker-traversal-skip.html	OK	6	6	0	0	0	0
/dom/traversal/TreeWalker-walking-outside-a-tree.html	OK	1	1	0	0	0	0
/dom/traversal/TreeWalker.html	OK	761	761	0	0	0	0
/hr-time/basic.any.html	OK	5	5	0	0	0	0
/hr-time/clamped-time-origin-isolated.https.html	OK	1	0	1	0	0	0
/hr-time/clamped-time-origin.html	OK	1	1	0	0	0	0
/hr-time/cross-origin-isolated-timing-attack.https.html	OK	1	0	1	0	0	0
/hr-time/idlharness.any.html	OK	29	17	12	0	0	0
/hr-time/monotonic-clock.any.html	OK	2	2	0	0	0	0
/hr-time/navigation-start-post-before-unload.html	TIMEOUT	1	0	0	1	0	0
/hr-time/performance-tojson.html	OK	1	0	1	0	0	0
/hr-time/raf-coarsened-time.https.html	ERROR	0	0	0	0	0	0
/hr-time/test_cross_frame_start.html	OK	5	3	2	0	0	0
/hr-time/timeOrigin.html	OK	3	3	0	0	0	0
/hr-time/timing-attack.html	TIMEOUT	0	0	0	0	0	0
/hr-time/window-worker-timeOrigin.window.html	OK	1	1	0	0	0	0
/html/dom/elements/global-attributes/dataset-binding.window.html	OK	4	4	0	0	0	0
/html/dom/elements/global-attributes/dir-assorted.window.html	OK	41	41	0	0	0	0
/html/dom/elements/global-attributes/dir-auto-dynamic-changes.window.html	OK	20	9	11	0	0	0
/html/dom/elements/global-attributes/dir-auto-form-associated.window.html	OK	22	22	0	0	0	0
/html/dom/elements/global-attributes/lang-attribute-shadow.window.html	OK	6	6	0	0	0	0
/html/dom/elements/global-attributes/lang-attribute.window.html	OK	1	1	0	0	0	0
/html/dom/elements/the-innertext-and-outertext-properties/innertext-with-white-spaces.html?white-space=normal	OK	79	79	0	0	0	0
/html/dom/elements/the-innertext-and-outertext-properties/innertext-with-white-spaces.html?white-space=normal&contenteditable=plaintext-only	OK	79	79	0	0	0	0
/html/dom/elements/the-innertext-and-outertext-properties/innertext-with-white-spaces.html?white-space=normal&contenteditable=true	OK	79	79	0	0	0	0
/html/dom/elements/the-innertext-and-outertext-properties/innertext-with-white-spaces.html?white-space=pre	OK	79	71	8	0	0	0
/html/dom/elements/the-innertext-and-outertext-properties/innertext-with-white-spaces.html?white-space=pre&contenteditable=plaintext-only	OK	79	71	8	0	0	0
/html/dom/elements/the-innertext-and-outertext-properties/innertext-with-white-spaces.html?white-space=pre&contenteditable=true	OK	79	71	8	0	0	0
/html/dom/elements/the-innertext-and-outertext-properties/innertext-with-white-spaces.html?white-space=pre-line	OK	79	71	8	0	0	0
/html/dom/elements/the-innertext-and-outertext-properties/innertext-with-white-spaces.html?white-space=pre-line&contenteditable=plaintext-only	OK	79	71	8	0	0	0
/html/dom/elements/the-innertext-and-outertext-properties/innertext-with-white-spaces.html?white-space=pre-line&contenteditable=true	OK	79	71	8	0	0	0
/html/dom/elements/the-innertext-and-outertext-properties/innertext-with-white-spaces.html?white-space=pre-wrap	OK	79	71	8	0	0	0
/html/dom/elements/the-innertext-and-outertext-properties/innertext-with-white-spaces.html?white-space=pre-wrap&contenteditable=plaintext-only	OK	79	71	8	0	0	0
/html/dom/elements/the-innertext-and-outertext-properties/innertext-with-white-spaces.html?white-space=pre-wrap&contenteditable=true	OK	79	71	8	0	0	0
/html/dom/elements/the-innertext-and-outertext-properties/multiple-text-nodes.window.html	OK	1	1	0	0	0	0
/html/semantics/forms/the-form-element/form-action-reflection-with-base-url.html	OK	3	2	1	0	0	0
/html/semantics/forms/the-form-element/form-action-reflection.html	OK	3	3	0	0	0	0
/html/semantics/forms/the-form-element/form-action-submission-with-base-url.html	TIMEOUT	0	0	0	0	0	0
/html/semantics/forms/the-form-element/form-action-submission.html	TIMEOUT	0	0	0	0	0	0
/html/semantics/forms/the-form-element/form-action.html	OK	1	1	0	0	0	0
/html/semantics/forms/the-form-element/form-autocomplete.html	OK	67	67	0	0	0	0
/html/semantics/forms/the-form-element/form-checkvalidity.html	OK	1	1	0	0	0	0
/html/semantics/forms/the-form-element/form-elements-filter.html	OK	2	0	2	0	0	0
/html/semantics/forms/the-form-element/form-elements-interfaces-01.html	OK	3	2	1	0	0	0
/html/semantics/forms/the-form-element/form-elements-matches.html	OK	2	1	1	0	0	0
/html/semantics/forms/the-form-element/form-elements-nameditem-01.html	OK	3	2	1	0	0	0
/html/semantics/forms/the-form-element/form-elements-nameditem-02.html	OK	1	1	0	0	0	0
/html/semantics/forms/the-form-element/form-elements-sameobject.html	OK	1	0	1	0	0	0
/html/semantics/forms/the-form-element/form-indexed-element-shadow.html	OK	1	1	0	0	0	0
/html/semantics/forms/the-form-element/form-indexed-element.html	OK	2	1	1	0	0	0
/html/semantics/forms/the-form-element/form-length.html	OK	1	1	0	0	0	0
/html/semantics/forms/the-form-element/form-nameditem.html	OK	17	7	10	0	0	0
/html/semantics/forms/the-form-element/form-requestsubmit.html	OK	10	8	2	0	0	0
/html/webappapis/atob/base64.any.html	OK	380	380	0	0	0	0
/html/webappapis/timers/clearinterval-from-callback.any.html	OK	1	1	0	0	0	0
/html/webappapis/timers/cleartimeout-clearinterval.any.html	OK	2	2	0	0	0	0
/html/webappapis/timers/evil-spec-example.any.html	OK	1	1	0	0	0	0
/html/webappapis/timers/missing-timeout-setinterval.any.html	OK	2	2	0	0	0	0
/html/webappapis/timers/negative-setinterval.any.html	OK	1	1	0	0	0	0
/html/webappapis/timers/negative-settimeout.any.html	OK	1	1	0	0	0	0
/html/webappapis/timers/setinterval-cross-realm-callback-report-exception.html	OK	1	0	1	0	0	0
/html/webappapis/timers/setinterval-settimeout-clamping.html	OK	2	2	0	0	0	0
/html/webappapis/timers/settimeout-cross-realm-callback-report-exception.html	OK	1	0	1	0	0	0
/html/webappapis/timers/settimeout-detached-iframe.html	OK	1	0	1	0	0	0
/html/webappapis/timers/timer-nesting-not-inherited-in-microtask.html	OK	2	2	0	0	0	0
/html/webappapis/timers/type-long-setinterval.any.html	OK	1	1	0	0	0	0
/html/webappapis/timers/type-long-settimeout.any.html	OK	1	1	0	0	0	0
/url/IdnaTestV2-removed.any.html	OK	21	21	0	0	0	0
/url/IdnaTestV2.any.html	OK	2671	2613	58	0	0	0
/url/a-element-origin.html	OK	412	411	1	0	0	0
/url/a-element.html	OK	892	869	23	0	0	0
/url/data-uri-fragment.html	OK	1	0	1	0	0	0
/url/failure.html	OK	1163	1153	10	0	0	0
/url/historical.any.html	OK	8	5	3	0	0	0
/url/idlharness.any.html	OK	77	76	1	0	0	0
/url/javascript-urls.window.html	TIMEOUT	6	0	0	1	5	0
/url/percent-encoding.window.html	OK	17	9	8	0	0	0
/url/toascii.window.html	OK	784	766	18	0	0	0
/url/url-constructor.any.html	OK	893	886	7	0	0	0
/url/url-origin.any.html	OK	413	413	0	0	0	0
/url/url-searchparams.any.html	OK	4	3	1	0	0	0
/url/url-setters-a-area.window.html	OK	557	535	22	0	0	0
/url/url-setters-stripping.any.html	OK	260	260	0	0	0	0
/url/url-setters.any.html	OK	279	268	11	0	0	0
/url/url-statics-canparse.any.html	OK	8	8	0	0	0	0
/url/url-statics-parse.any.html	OK	8	8	0	0	0	0
/url/url-tojson.any.html	OK	1	1	0	0	0	0
/url/urlencoded-parser.any.html	OK	105	99	6	0	0	0
/url/urlsearchparams-append.any.html	OK	4	4	0	0	0	0
/url/urlsearchparams-constructor.any.html	OK	27	26	1	0	0	0
/url/urlsearchparams-delete.any.html	OK	8	6	2	0	0	0
/url/urlsearchparams-foreach.any.html	OK	6	6	0	0	0	0
/url/urlsearchparams-get.any.html	OK	2	2	0	0	0	0
/url/urlsearchparams-getall.any.html	OK	2	2	0	0	0	0
/url/urlsearchparams-has.any.html	OK	4	4	0	0	0	0
/url/urlsearchparams-set.any.html	OK	2	2	0	0	0	0
/url/urlsearchparams-size.any.html	OK	4	4	0	0	0	0
/url/urlsearchparams-sort.any.html	OK	17	17	0	0	0	0
/url/urlsearchparams-stringifier.any.html	OK	14	14	0	0	0	0
/xhr/formdata/append-formelement.html	OK	8	8	0	0	0	0
/xhr/formdata/append.any.html	OK	7	7	0	0	0	0
/xhr/formdata/constructor-formelement.html	OK	1	0	1	0	0	0
/xhr/formdata/constructor-submitter-coordinate.html	OK	1	0	1	0	0	0
/xhr/formdata/constructor-submitter.html	OK	9	9	0	0	0	0
/xhr/formdata/constructor.any.html	OK	1	1	0	0	0	0
/xhr/formdata/delete-formelement.html	OK	4	4	0	0	0	0
/xhr/formdata/delete.any.html	OK	3	3	0	0	0	0
/xhr/formdata/foreach.any.html	OK	4	4	0	0	0	0
/xhr/formdata/get-formelement.html	OK	6	6	0	0	0	0
/xhr/formdata/get.any.html	OK	6	6	0	0	0	0
/xhr/formdata/has-formelement.html	OK	3	3	0	0	0	0
/xhr/formdata/has.any.html	OK	3	3	0	0	0	0
/xhr/formdata/iteration.any.html	OK	3	3	0	0	0	0
/xhr/formdata/set-blob.any.html	OK	5	5	0	0	0	0
/xhr/formdata/set-formelement.html	OK	8	8	0	0	0	0
/xhr/formdata/set.any.html	OK	7	7	0	0	0	0
/xhr/formdata/submitter-coordinate-value.html	OK	1	0	1	0	0	0
